0.500000 0.500493
0.520816 0.588321
0.682301 0.545665
0.546149 0.743609
0.763375 0.727217
0.616589 0.915646
0.965866 0.784030
0.778047 0.525416
0.883526 0.509457
0.626180 0.649099
0.937990 0.765778
0.960130 0.757716
0.905215 0.594210
0.943157 0.785307
0.538387 0.907637
0.992446 0.559176
0.946953 0.892242
0.550458 0.626655
0.509921 0.689189
0.839439 0.840462
0.876353 0.503115
0.812203 0.563231
0.808775 0.885464
0.593268 0.748361
0.754750 0.657970
0.850851 0.683623
0.938156 0.685497
0.762626 0.713917
0.771372 0.833989
0.585571 0.915390
0.930953 0.884611
0.526290 0.983365
0.667142 0.541048
0.635157 0.537131
0.838113 0.905079
0.732106 0.784593
0.756102 0.793255
0.869379 0.935844
0.788984 0.982352
0.666765 0.696414
0.588464 0.555935
0.926340 0.905586
0.977444 0.952142
0.569458 0.843094
0.563494 0.502045
0.500251 0.596476
0.793390 0.687480
0.513393 0.732383
0.892672 0.721117
0.643952 0.926676
0.762986 0.864208
0.633157 0.891742
0.734022 0.598499
0.723588 0.864220
0.983047 0.878420
0.733028 0.934483
0.567020 0.923026
0.509044 0.970427
0.835041 0.899986
0.571608 0.805230
0.954141 0.887207
0.683032 0.972144
0.942411 0.722586
0.581514 0.712409
0.739927 0.515564
0.804215 0.896131
0.591248 0.762561
0.949379 0.654395
0.971313 0.694012
0.965256 0.955692
0.668859 0.766406
0.851039 0.985505
0.884043 0.875971
0.545432 0.926983
0.587322 0.509885
0.709527 0.648185
0.689116 0.709358
0.569224 0.690423
0.649890 0.510506
0.619401 0.518555
0.610530 0.762717
0.747263 0.941261
0.886915 0.529501
0.559901 0.773901
0.670958 0.728406
0.794061 0.792575
0.534964 0.909466
0.701580 0.792742
0.595580 0.946139
0.588166 0.603852
0.557874 0.579457
0.996322 0.840785
0.905898 0.821108
0.664671 0.868777
0.911741 0.860630
0.828991 0.679387
0.805182 0.707502
0.907477 0.886983
0.637155 0.522371
0.800521 0.757046
0.815107 0.590447
0.639250 0.726245
0.821493 0.871416
0.706828 0.809026
0.809145 0.927218
0.590729 0.653964
0.511664 0.504591
0.975727 0.995377
0.602470 0.802047
0.967826 0.779784
0.773433 0.719564
0.724876 0.653403
0.600407 0.607900
0.524948 0.604781
0.787282 0.957410
0.707805 0.827079
0.677850 0.793351
0.695973 0.516925
0.642758 0.545802
0.722192 0.962968
0.960642 0.802964
0.930573 0.507359
0.843350 0.922284
0.564824 0.529828
0.506536 0.695579
0.932838 0.507529
0.962144 0.943359
0.831034 0.827455
0.538170 0.546489
0.501626 0.763335
0.894878 0.827009
0.772946 0.899194
0.863376 0.626657
0.627623 0.569177
0.741475 0.733793
0.550438 0.752107
0.929198 0.505024
0.910785 0.982159
0.509730 0.964810
0.531540 0.518981
0.595128 0.638333
0.723657 0.824691
0.575562 0.743578
0.824829 0.767140
0.678401 0.697058
0.860996 0.862351
0.653071 0.553290
0.955390 0.870457
0.619529 0.825672
0.684206 0.513091
0.924629 0.520908
0.528061 0.713019
0.739867 0.750847
0.990263 0.803753
0.956328 0.875208
0.856906 0.985566
0.514606 0.632144
0.509155 0.540338
0.577318 0.557176
0.878269 0.969124
0.564402 0.796306
0.561262 0.799589
0.532936 0.628013
0.706225 0.974194
0.676748 0.508498
0.986713 0.881179
0.930987 0.702565
0.933934 0.518381
0.604240 0.711667
0.992412 0.782176
0.788131 0.734111
0.732080 0.880560
0.651042 0.708628
0.549262 0.568423
0.849069 0.590224
0.946538 0.865439
0.651144 0.570609
0.912050 0.721101
0.795056 0.988811
0.751345 0.948830
0.862404 0.630641
0.727518 0.630979
0.980244 0.508465
0.970219 0.950980
0.548935 0.760561
0.542351 0.897701
0.934455 0.547891
0.940136 0.503003
0.601006 0.736320
0.822116 0.966984
0.549213 0.785449
0.753791 0.829718
0.946458 0.867877
0.844625 0.904669
0.620204 0.881758
0.884364 0.771180
0.740525 0.707190
0.536784 0.763349
0.753811 0.875799
0.565546 0.504688
0.881987 0.550596
0.982644 0.544622
0.557960 0.948137
0.872623 0.609265
0.792730 0.620396
0.942230 0.698047
0.528251 0.963608
0.726210 0.935391
0.615115 0.744481
0.785627 0.926445
0.609182 0.960256
0.519313 0.704195
0.526910 0.552581
0.764891 0.786477
0.557247 0.521284
0.750451 0.862375
0.747115 0.673043
0.517537 0.683253
0.957800 0.752464
0.930884 0.961769
0.507674 0.644981
0.619679 0.858231
0.550787 0.888689
0.622331 0.715831
0.795800 0.757258
0.884318 0.860794
0.901790 0.870259
0.753090 0.909157
0.529632 0.787935
0.930874 0.775587
0.914327 0.562029
0.855087 0.500786
0.515899 0.645672
0.835718 0.650118
0.716919 0.636648
0.562145 0.567164
0.552471 0.708016
0.910292 0.630061
0.574165 0.506939
0.610636 0.676458
0.880965 0.710601
0.843346 0.763346
0.664940 0.571822
0.687679 0.872333
0.864942 0.865977
0.586880 0.778349
0.842757 0.935228
0.779196 0.672369
0.767825 0.981132
0.961586 0.876358
0.843480 0.668083
0.680366 0.853954
0.831277 0.698726
0.506871 0.703975
0.833756 0.609723
0.544408 0.808786
0.509591 0.608621
0.603028 0.687242
0.699911 0.646974
0.762139 0.896076
0.698550 0.863529
0.848641 0.815993
0.561521 0.866681
0.584353 0.514054
0.608245 0.585400
0.585042 0.764323
0.656447 0.950578
0.721859 0.539576
0.568496 0.767645
0.821417 0.921044
0.984877 0.670206
0.683856 0.856434
0.522823 0.562387
0.629144 0.982592
0.918746 0.843926
0.844351 0.904386
0.762305 0.791589
0.841960 0.730127
0.879877 0.638142
0.658464 0.532983
0.574203 0.736311
0.619792 0.972387
0.665290 0.630473
0.585674 0.936938
0.931907 0.739237
0.608379 0.886386
0.551352 0.603871
0.615496 0.583087
0.632510 0.902247
0.554250 0.629127
0.939781 0.607600
0.832539 0.812919
0.896263 0.672976
0.815213 0.625257
0.517988 0.903498
0.702542 0.719202
0.878172 0.892171
0.740167 0.857950
0.693850 0.514084
0.708746 0.950402
0.806177 0.917083
0.878911 0.803294
0.930720 0.702854
0.618815 0.792402
0.552621 0.745229
0.922505 0.852063
0.552326 0.846496
0.516548 0.713447
0.866147 0.637566
0.667871 0.657009
0.609195 0.803775
0.789742 0.535293
0.739670 0.580440
0.646459 0.828652
0.998330 0.546483
0.525813 0.511226
0.966766 0.531647
0.856152 0.778054
0.706074 0.994121
0.730180 0.849882
0.843568 0.767513
0.788012 0.771162
0.800479 0.685877
0.948896 0.622780
0.706196 0.785098
0.645031 0.916058
0.633935 0.630970
0.746660 0.532975
0.554769 0.616501
0.808766 0.851788
0.629433 0.901596
0.564093 0.702457
0.904221 0.580633
0.721515 0.845477
0.514548 0.771459
0.754029 0.956689
0.719405 0.931986
0.916679 0.832999
0.936085 0.957284
0.575584 0.546133
0.837406 0.565561
0.947970 0.657753
0.535289 0.790711
0.606905 0.846642
0.653500 0.902499
0.939367 0.871925
0.788638 0.933637
0.922735 0.823277
0.548863 0.811899
0.901997 0.965131
0.722443 0.551306
0.971318 0.925417
0.567927 0.920878
0.841592 0.776432
0.990835 0.674386
0.876678 0.604949
0.711160 0.927155
0.510704 0.627455
0.766185 0.813752
0.886930 0.813865
0.895136 0.556268
0.943597 0.886721
0.928622 0.739868
0.887027 0.642802
0.645862 0.598970
0.648502 0.738271
0.656989 0.702404
0.795238 0.707822
0.933654 0.523468
0.521905 0.881272
0.717497 0.745154
0.766652 0.979174
0.728250 0.981840
0.692577 0.731568
0.518230 0.666288
0.934130 0.972843
0.851383 0.620324
0.599249 0.930955
0.847814 0.584683
0.927376 0.593337
0.530703 0.959112
0.655177 0.595480
0.644756 0.999280
0.624199 0.924494
0.713711 0.728875
0.855246 0.750161
0.650306 0.670355
0.504501 0.913991
0.683289 0.938451
0.636850 0.804282
0.882185 0.609099
0.597206 0.686811
0.827446 0.600950
0.714484 0.718747
0.529099 0.935029
0.833051 0.653078
0.555048 0.963997
0.969773 0.705008
0.606697 0.849556
0.642072 0.646490
0.816595 0.773925
0.793636 0.873652
0.534474 0.978392
0.863614 0.540994
0.984516 0.553400
0.545321 0.720013
0.690086 0.855528
0.968799 0.645391
0.970995 0.587345
0.514262 0.693994
0.972653 0.857144
0.730689 0.668273
0.912979 0.792941
0.945008 0.851816
0.959839 0.945090
0.815707 0.678924
0.533829 0.896096
0.812927 0.728486
0.874857 0.646454
0.811416 0.763830
0.898986 0.848952
0.618946 0.601546
0.789001 0.778282
0.950380 0.992912
0.719017 0.700863
0.505285 0.738998
0.772927 0.524635
0.737577 0.864834
0.617638 0.678716
0.980958 0.537321
0.575608 0.586940
0.839708 0.596497
0.874520 0.541540
0.985756 0.659082
0.853751 0.758005
0.948778 0.958287
0.573156 0.849079
0.914489 0.873888
0.996428 0.915063
0.889416 0.833667
0.832562 0.624324
0.569458 0.791308
0.689770 0.587871
0.999682 0.799401
0.878260 0.995947
0.808456 0.549850
0.544802 0.934158
0.778478 0.780992
0.612788 0.778183
0.908010 0.792221
0.867837 0.646598
0.959189 0.736832
0.578860 0.582896
0.867176 0.913816
0.987332 0.523023
0.538794 0.864133
0.769374 0.961402
0.535866 0.618757
0.963684 0.654717
0.864465 0.999863
0.627589 0.742084
0.563511 0.755789
0.999195 0.926415
0.655531 0.710718
0.798104 0.663910
0.728811 0.734942
0.934263 0.776018
0.817693 0.527608
0.734674 0.605671
0.729375 0.545132
0.862831 0.932058
0.588514 0.882144
0.644424 0.676096
0.981262 0.502705
0.625234 0.632589
0.938449 0.545323
0.949689 0.660952
0.902739 0.861439
0.739793 0.630451
0.740062 0.751906
0.978507 0.819814
0.534014 0.805631
0.715862 0.606750
0.509593 0.717884
0.952672 0.787411
0.675280 0.629623
0.650507 0.946915
0.519649 0.923010
0.528318 0.862276
0.509076 0.579484
0.548585 0.681835
0.779556 0.835531
0.658149 0.758881
0.909810 0.895578
0.921719 0.760352
0.780794 0.702060
0.886718 0.958540
0.833224 0.548323
0.915523 0.698779
0.508924 0.611950
